145.32
96.47
85.74
20.11
144.26
17.72
106.92
139.89
95.27
67.06
91.90
118.99
107.56
44.02
129.46
24.26
91.60
110.92
60.08
22.88
140.52
39.07
98.80
25.69
106.56
125.33
145.66
96.22
70.00
81.34
23.38
66.50
89.46
140.24
88.69
68.49
144.83
54.54
163.60
42.85
148.45
64.82
132.10
80.58
23.39
152.11
105.43
70.42
164.41
156.64
115.19
24.77
23.04
55.62
153.25
149.65
25.88
81.57
70.11
144.21
104.67
66.11
117.61
73.25
144.48
119.47
25.04
70.74
168.79
139.07
135.70
122.36
157.01
101.56
77.67
94.24
144.21
37.55
28.38
85.05
84.22
71.89
155.65
26.14
24.17
135.53
124.90
101.23
168.91
152.98
112.72
28.80
19.52
89.95
134.83
70.46
145.33
136.09
37.23
76.87
138.02
25.14
70.72
71.10
90.39
166.04
116.26
82.98
21.55
102.85
95.05
31.39
156.61
24.17
105.18
122.17
106.19
165.47
20.56
91.08
86.13
130.57
38.56
25.04
115.23
29.19
148.30
89.11
113.25
157.67
140.14
95.26
135.41
132.64
118.04
87.79
81.25
117.06
94.53
144.01
172.90
56.36
87.89
120.64
121.94
120.16
147.98
17.93
108.92
99.19
147.34
107.84
61.13
51.24
77.43
152.04
79.38
88.44
159.06
148.52
60.63
70.57
82.99
142.42
154.03
93.85
159.44
47.67
157.17
89.08
22.97
170.97
109.02
133.88
95.52
22.39
52.22
149.47
132.27
93.00
135.18
92.16
66.91
162.18
22.11
94.09
57.62
132.28
152.78
100.64
22.93
127.52
25.12
109.44
148.68
125.19
117.66
23.88
124.33
93.62
53.60
96.62
159.70
21.74
153.31
108.86
46.05
167.59
22.92
141.57
25.14
121.52
