78.89
117.84
85.11
38.45
119.05
51.12
103.55
76.30
78.04
103.34
92.05
93.58
73.15
167.35
77.63
141.36
51.88
130.88
168.52
93.69
79.14
75.75
113.54
152.64
28.33
49.10
128.44
56.59
52.93
80.89
152.96
112.54
123.58
118.84
78.99
52.58
91.76
173.09
28.41
155.80
173.88
112.14
85.09
84.31
79.16
22.58
56.91
37.83
63.91
57.09
111.88
142.33
91.67
59.23
28.50
117.70
173.06
121.63
82.01
137.61
83.49
27.49
88.61
74.51
35.96
145.65
95.93
96.87
86.84
126.21
53.57
25.84
120.46
38.99
110.47
39.36
26.75
55.52
144.69
101.96
79.66
26.85
105.48
125.55
26.36
103.02
78.78
143.87
48.29
90.51
154.73
27.37
156.03
53.14
91.56
88.25
160.13
100.75
93.47
45.63
101.92
81.42
170.03
135.45
89.71
94.17
27.70
123.59
52.05
74.82
81.78
159.01
99.43
55.56
133.15
44.62
150.13
67.14
171.06
88.04
155.58
69.35
89.72
25.01
39.32
76.34
98.32
158.53
149.44
164.95
122.67
94.53
52.33
153.33
79.88
159.59
103.42
98.18
168.49
25.24
70.43
45.94
130.93
107.25
144.34
155.85
51.46
148.59
62.64
109.77
174.78
92.92
56.60
146.39
159.94
103.02
97.52
81.29
174.87
84.97
115.49
162.91
102.92
46.77
101.49
79.33
76.86
104.45
51.81
95.99
103.99
115.46
106.41
129.28
25.21
70.34
26.73
53.83
141.42
143.48
56.97
78.50
25.08
72.03
48.23
172.59
140.73
163.65
119.21
59.22
80.28
92.28
82.98
104.47
145.97
66.42
106.22
168.82
26.22
120.70
100.56
170.34
55.11
150.13
144.77
63.37
21.06
122.55
65.72
114.16
136.56
29.72
173.22
82.83
116.83
162.09
91.16
116.20
89.44
92.19
113.12
149.25
172.27
91.48
76.87
81.90
163.59
91.37
135.58
120.50
73.37
99.59
79.39
66.78
75.76
23.33
98.04
106.57
152.30
84.33
147.50
58.78
173.41
85.52
51.61
119.40
50.34
82.11
73.56
144.35
57.66
78.32
90.63
23.68
144.66
95.58
59.34
65.43
116.52
129.67
60.27
37.42
58.46
101.42
157.35
64.41
126.11
79.03
149.46
126.91
108.80
25.28
110.51
92.71
168.84
69.92
81.50
167.70
27.40
176.51
70.28
106.61
76.35
152.91
46.68
83.33
95.42
82.25
151.90
126.50
113.64
148.78
96.30
85.70
142.74
100.24
82.45
82.87
26.18
156.97
131.50
28.61
88.42
86.40
50.65
74.44
99.14
137.47
78.75
106.92
30.28
73.85
171.34
154.15
81.37
155.65
59.12
83.21
25.71
143.89
50.52
86.87
105.32
150.15
92.54
135.05
65.53
139.16
106.82
168.82
168.59
88.85
144.64
74.34
76.34
123.39
97.12
150.99
163.46
151.77
93.52
143.92
105.81
99.11
117.81
119.20
103.11
49.42
87.89
18.80
47.23
152.18
96.44
24.54
105.54
84.13
149.06
139.36
95.08
131.46
56.25
105.28
65.92
24.98
88.13
49.01
159.93
146.78
101.87
153.78
71.39
137.33
36.66
74.11
60.37
175.53
85.95
27.71
91.98
173.88
101.29
158.25
